# Created by Octave 6.2.0, Thu May 06 19:36:46 2021 IST <athul@athul-VivoBook-ASUSLaptop-X510QA-X510QA>
# name: _5
# type: scalar
5


# name: _y
# type: scalar
1


